[Location]
X=-27666.709541
Y=-11699.537359
Z=10454.172008

[Rotation]
Pitch=-25.262957
Roll=-0.0
Yaw=15.194598

